# id	file_path	transparent_color_r	g	b
[TEXTURES]
0	textures\mario.png	255	255	255
10	textures\enemies.png	3	26	110
20	textures\misc.png	176	224	248
40	textures\gate.png	255	255	255

# id	left	top	right	bottom	texture_id
[SPRITES]
# BIG MARIO 
# idle right
10001	246	154	260	182	0
# walk
10002	275	154	290	182	0		
10003	304	154	321	182	0

# idle left
10011	186	154	200	182	0
#walk
10012	155	154	170	182	0
10013	125	154	140	182	0
# die 
10099	215	120	231	135	0
# SMALL MARIO
# idle small right
10021	247	0	259	15	0
# walk
10022	275	0	291	15	0
10023	306	0	320	15	0
# idle small left
10031	187	0	198	15	0
# walk
10032	155	0	170	15	0
10033	125	0	139	15	0
#BRICK
20001	408	225	424	241	20

# invisible Brick
900001	424	18	442	34	20

#GOOMBA
30001	5	14	21	29	10
30002	25	14	41	29	10
#die
30003	45	21	61	29	10
#GOOMBAW
30004	62	10	84	29	10
30005	86	10	108	29	10
#die
30006	00	0	0	0	10

#LEVELUP
9992	300	189	316	205	20

#brick with question mark animation
40001	300	117	316	133	20
40002	318	117	334	133	20
40003	336	117	352	133	20
40004	355	117	370	133	20
		
#GATE
9990	1	0	18	52	40	
9991	380	200	396	252	10

				
# ani_id	sprite1_id	time1	sprite2_id	time2	...
[ANIMATIONS]

# ==== MARIO =========
#idle BIG right
400	10001	100
#idle BIG left
401	10011	100
#idle small right
402	10021	100
#idle small left
403	10031	100
#walk right big
500	10001	100	10002	100	10003	100
#walk left big
501	10011	100	10012	100	10013	100
#walk right small
502	10021	100	10022	100	10023	100
#walk left small
503	10031	100	10032	100	10033	100
#die
599	10099	100

# ==== LEVELUP =========
901	9992	100
902	9992	100

# ==== BRICK =========
601	20001	100
# ==== invi BRICK =========
609	900001	100


# ==== QUESTION MARK BRICK =========
602	40001	1000	40001	100	40002	100	40003	100	40004	100

# ==== GATE =========
999	9990	100	9991	100


# ==== GOOMBA =========
# walk
701	30001	100	30002	100
# die
702	30003	100

# ==== GOOMBAW =========
# walk
703	30004	100	30005	100
# die
704	30003	100

#Levelup
222	901	902

# id	ani1	ani2	ani3
#
[ANIMATION_SETS]
# MARIO
1	400	401	402	403	500	501	502	503	599
# BRICK 
2	601
# QUESTION MARK BRICK 
22	602
# GOOMBA
3	701	702
# GOOMBAW
5	703	704
#GATE
99	999
#Levelup
222	901	902
[OBJECTS]
# type	x	y	ani_set_id	extra_settings per object type
# type: 0 = Mario , 1 = Brick, 2 = Goomba, 3= Koopas, 4= goombaW , 100= gate
# MARIO
0	10	0	1

# GOOMBA
2	200	135	3	15	285
2	260	135	3	15	285
2	320	135	3	351	500
2	480	135	3	351	500
2	600	135	3	543	817
2	650	135	3	543	817
2	923	135	3	848	1248
2	960	135	3	848	1248
2	939	135	3	848	1248
2	987	135	3	848	1248
2	1007	135	3	848	1248
2	1027	135	3	848	1248
2	1047	135	3	848	1248
2	1067	135	3	848	1248
2	1087	135	3	848	1248
# GOOMBAW
4	200	80	5	
4	260	80	5
4	320	80	5
4	480	80	5
4	500	80	5
4	700	70	5
4	1000	85	5	

# BRICK 
1	-48	150	2
1	-32	150	2
1	-16	150	2


1	0	150	2
1	0	135	2
1	0	120	2
1	0	104	2
1	16	150	2
1	32	150	2
1	48	150	2
1	64	150	2
1	80	150	2
1	96	150	2
1	112	150	2
1	128	150	2
1	144	150	2
1	160	150	2
1	176	150	2
1	192	150	2
1	208	150	2
1	224	150	2
1	240	150	2
1	256	150	2
1	272	150	2
1	288	150	2
1	304	150	2
1	304	135	2



1	352	150	2
1	368	150	2
1	384	150	2
1	400	150	2
1	416	150	2
1	432	150	2
1	448	150	2
1	464	150	2
1	480	150	2
1	496	150	2
1	512	150	2

1	512	135	2
1	512	120	2
1	528	135	2
1	528	120	2
1	528	150	2


1	544	150	2
1	560	150	2
1	576	150	2
1	592	150	2
1	608	150	2
1	624	150	2
1	640	150	2
1	640	80	22
#levelup
5	640	64	222

1	656	150	2
1	672	150	2
1	688	150	2
1	704	150	2
1	720	150	2
1	736	150	2
1	752	150	2
1	768	150	2
1	784	150	2
1	800	150	2
1	816	150	2
1	832	150	2
1	832	135	2


1	848	150	2
1	864	150	2
1	880	150	2
1	896	150	2
1	912	150	2
1	928	150	2

1	928	120	2

1	944	150	2
1	960	150	2
1	976	150	2
1	992	150	2
1	1008	150	2
1	1024	150	2
1	1040	150	2

1	1040	120	2

1	1056	150	2
1	1072	150	2
1	1088	150	2
1	1104	150	2
1	1120	150	2

1	1120	120	2

1	1136	150	2
1	1152	150	2
1	1168	150	2
1	1184	150	2

1	1184	120	2

1	1200	150	2
1	1216	150	2
1	1232	150	2
1	1248	150	2



1	1264	150	2
1	1264	135	2
1	1264	120	2
1	1264	105	2

1	1280	150	2
1	1296	150	2
1	1312	150	2
1	1328	150	2
1	1344	150	2
1	1360	150	2
1	1376	150	2
1	1392	150	2
1	1408	150	2
1	1424	150	2

# ---- brick group 1 ----
1	100	74	2
1	100	90	2
1	84	90	2
1       90      90      2


# ---- brick group 3 ----
1	220	74	2
1	220	90	2
1	204	90	2


#GATE
100	1392	98	99

# --- SCENE PORTAL ----
# type	l	t	ani_set_id	r	b	scene_id
50	1392	98	0	1408	160	3